810,3
810,2
810,1
810,0
809,3
809,2
809,1
809,0
808,5
808,4
808,3
808,2
808,1
808,0
807,3
807,2
807,1
807,0
806,9
806,8
806,7
806,6
806,5
806,4
806,3
806,2
806,1
806,0
805,5
805,4
805,3
805,2
805,1
805,0
804,4
804,3
804,2
804,1
804,0
803,13
803,12
803,11
803,10
803,9
803,8
803,7
803,6
803,5
803,4
803,3
803,2
803,1
803,0
802,3
802,2
802,1
802,0
801,3
801,2
801,1
801,0
800,4
800,3
800,2
800,1
800,0
799,3
799,2
799,1
799,0
798,3
798,2
798,1
798,0
797,6
797,5
797,4
797,3
797,2
797,1
797,0
796,12
796,11
796,10
796,9
796,8
796,7
796,6
796,5
796,4
796,3
796,2
796,1
796,0
795,5
795,4
795,3
795,2
795,1
795,0
794,5
794,4
794,3
794,2
794,1
794,0
793,4
793,3
793,2
793,1
793,0
792,5
792,4
792,3
792,2
792,1
792,0
791,5
791,4
791,3
791,2
791,1
791,0
790,3
790,2
790,1
790,0
789,4
789,3
789,2
789,1
789,0
788,3
788,2
788,1
788,0
787,3
787,2
787,1
787,0
786,4
786,3
786,2
786,1
786,0
785,4
785,3
785,2
785,1
785,0
784,6
784,5
784,4
784,3
784,2
784,1
784,0
783,9
783,8
783,7
783,6
783,5
783,4
783,3
783,2
783,1
783,0
782,4
782,3
782,2
782,1
782,0
781,5
781,4
781,3
781,2
781,1
781,0
7,3
5,67
5,65
5,64
5,36
5,35
5,34
5,33
5,32
5,31
5,30
5,29
5,28
5,27
5,26
5,25
5,24
5,22
5,20
5,17
5,16
5,15
5,14
5,13
5,12
5,11
5,10
5,9
5,8
5,7
5,6
5,5
5,4
5,3
4,5
4,4
4,3
3,2
2,2
1,2
0,319
0,274
0,273
0,270
0,269
0,267
0,265
0,264
0,263
0,259
811,0
811,1
811,3
812,0
812,2
812,3
813,1
813,3
814,0
814,2
814,3
815,1
815,3
816,0
816,2
816,3
816,5
816,6
816,8
817,0
817,1
817,3
817,4
818,0
818,2
818,3
819,0
819,1
819,3
819,4
820,0
820,2
820,3
821,1
821,2
822,0
822,2
822,3
823,0
823,1
823,3
823,4
824,1
824,3
824,4
825,1
825,2
826,0
826,2
826,3
827,0
827,1
827,3
828,1
828,2
828,4
829,0
829,2
829,3
829,5
829,7
829,8
829,10
829,11
829,13
830,0
830,1
830,3
830,4
830,6
831,0
831,2
832,0
832,1
832,3
833,0
833,2
833,4
833,5
834,0
834,1
834,3
835,0
835,2
835,4
835,5
835,7
836,0
836,2
837,0
837,1
837,3
838,0
838,2
838,4
839,0
839,2
839,3
839,5
840,0
840,2
841,0
841,1
841,3
841,4
842,1
842,3
842,4
843,1
843,2
844,0
844,1
844,3
845,0
845,1
845,3
845,4
845,6
845,8
845,9
846,1
846,2
846,4
846,5
847,1
847,3
847,4
848,0
848,1
848,3
849,0
849,1
849,3
850,0
850,2
850,3
850,5
850,7
850,8
851,0
851,1
851,3
851,5
852,0
852,2
852,3
853,0
853,2
853,3
854,1
854,2
855,0
855,1
855,3
856,1
856,2
856,4
856,5
856,7
857,1
857,2
857,4
857,5
858,0
858,1
858,3
859,1
859,2
859,4
860,0
860,2
861,0
861,1
861,3
861,4
862,1
862,2
862,4
863,1
863,2
863,4
863,5
864,1
864,3
864,4
865,1
865,2
865,4
866,1
866,2
867,0
867,1
867,3
868,0
868,2
868,4
869,0
869,2
869,3
870,1
870,3
871,0
871,2
871,3
872,0
872,1
872,3
873,0
873,1
873,3
873,4
873,6
874,1
874,2
874,4
874,5
874,7
874,8
874,10
874,12
874,13
874,15
874,16
875,0
875,2
875,3
876,0
876,1
876,3
876,4
876,6
877,1
877,2
877,4
877,5
878,1
878,3
878,4
878,6
879,0
879,2
879,4
880,0
880,2
880,3
880,5
882,0
882,2
883,0
883,1
883,3
884,0
884,2
884,4
884,5
885,1
885,2
885,4
885,5
886,0
886,2
886,3
887,0
887,1
887,3
888,1
888,2
889,0
889,1
889,3
889,4
890,1
890,3
891,0
891,2
891,3
891,5
891,7
892,0
892,2
892,3
893,1
893,3
893,4
894,1
894,2
894,4
894,5
895,1
895,3
895,4
896,0
896,1
896,3
897,1
897,2
898,0
898,1
898,3
899,0
899,2
899,4
900,0
900,2
900,3
901,1
901,3
902,0
902,2
902,3
903,0
903,1
903,3
904,0
904,1
904,3
905,0
905,2
905,4
905,5
906,0
906,1
906,3
906,5
907,0
907,2
907,3
907,5
907,6
907,8
908,1
908,2
908,4
908,5
909,1
909,3
909,4
909,6
910,0
910,2
910,3
911,0
911,2
911,3
911,5
912,0
912,2
912,4
913,0
913,2
913,3
914,1
914,2
915,0
915,2
915,3
916,0
916,1
916,3
916,5
917,0
917,2
917,3
918,1
918,2
919,0
919,2
919,3
920,1
920,2
920,4
921,0
921,1
921,3
922,0
922,2
922,4
923,0
923,2
923,3
924,1
924,2
924,4
924,6
924,7
924,9
924,10
924,12
924,14
924,15
925,0
925,1
925,3
925,4
926,1
926,3
926,4
927,0
927,1
927,3
928,0
928,1
928,3
929,0
929,2
929,3
929,5
929,7
929,8
929,10
929,11
930,1
930,3
931,0
931,2
931,3
931,5
931,7
931,8
932,1
932,2
932,4
933,0
933,2
933,4
934,0
934,2
934,3
935,0
935,2
935,3
936,1
936,2
937,0
937,1
937,3
938,1
938,2
939,0
939,1
939,3
939,5
940,0
940,2
940,3
941,0
941,1
941,3
941,5
941,6
942,1
942,2
942,4
943,0
943,1
943,3
943,4
944,0
944,1
944,3
945,1
945,2
946,0
946,1
946,3
947,1
947,2
948,0
948,1
948,3
949,0
949,1
949,3
949,4
950,1
950,2
951,0
951,2
951,3
952,1
952,2
953,0
953,2
953,3
954,1
954,2
954,4
955,0
955,2
956,0
956,1
956,3
956,4
957,1
957,3
958,0
958,2
958,3
958,5
958,6
959,1
959,3
959,4
960,1
960,2
960,4
961,1
961,2
962,0
962,1
962,3
963,0
963,1
963,3
963,4
963,6
964,0
964,2
965,0
965,1
965,3
966,0
966,2
966,4
966,5
966,7
966,8
966,10
966,11
966,13
967,1
967,2
967,4
968,0
968,2
968,4
969,0
969,2
969,3
970,0
970,1
970,3
971,1
971,2
971,4
971,5
971,7
972,0
972,1
972,3
972,4
972,6
973,0
973,2
973,4
973,5
973,7
973,8
974,1
974,3
974,4
975,0
975,1
975,3
976,1
976,2
977,0
977,1
977,3
978,0
978,2
979,0
979,1
979,3
979,4
980,1
980,3
981,0
981,2
981,3
982,1
982,2
982,4
983,1
983,2
983,4
983,5
984,0
984,2
984,3
984,5
984,6
985,1
985,2
985,4
985,6
986,0
986,2
986,3
986,5
987,1
987,2
988,0
988,1
988,3
989,1
989,2
990,0
990,1
990,3
990,4
991,0
991,2
991,3
992,0
992,1
992,3
992,5
993,0
993,2
993,3
994,0
994,1
994,3
995,1
995,2
996,0
996,1
996,3
996,5
996,6
997,1
997,2
998,0
998,1
998,3
999,0
999,1
999,3
999,4
1000,0
1000,2
1000,3
1000,5
1001,0
1001,2
1002,0
1002,1
1002,3
1002,4
1003,0
1003,1
1003,3
1004,0
1004,1
1004,3
1004,4
1005,0
1005,2
1005,3
1006,1
1006,2
1006,4
1007,0
1007,2
1007,4
1008,0
1008,2
1008,3
1008,5
1008,7
1009,0
1009,2
1009,3
1010,1
1010,2
1010,4
1011,1
1011,2
1012,0
1012,1
1012,3
1013,1
1013,2
1014,0
1014,1
1014,3
1015,0
1015,2
1016,0
1016,1
1016,3
1016,4
1017,1
1017,3
1017,4
1017,6
1018,0
1018,2
1019,0
1019,1
1019,3
1019,4
1020,1
1020,2
1021,0
1021,2
1021,3
1022,0
1022,1
1022,3
1023,0
1023,1
1023,3
1024,0
1024,2
1024,3
1025,1
1025,3
1026,0
1026,2
1026,3
1027,1
1027,3
1028,0
1028,2
1028,3
1045,1
1045,2
1046,0
1046,2
1046,3
1047,1
1047,2
1048,0
1048,2
1048,3
1049,1
1049,2
1050,0
1050,2
1050,3
1051,1
1051,2
1051,4
1052,0
1052,2
1052,4
1053,0
1053,2
1053,3
1054,1
1054,3
1055,0
1055,2
1055,3
1055,5
1055,6
1056,1
1056,3
1056,4
1056,6
1056,7
1057,1
1057,3
1058,0
1058,2
1058,3
1059,1
1059,2
1060,0
1060,2
1060,3
1061,1
1061,2
1062,0
1062,2
1062,3
1063,1
1063,2
1064,0
1064,1
1064,3
1064,5
1065,0
1065,2
1065,3
1066,1
1066,3
1067,0
1067,2
1067,3
1068,0
1068,2
1068,3
1069,0
1069,1
1069,3
1070,0
1070,2
1071,0
1071,1
1071,3
1071,4
1073,1
1073,3
1075,0
1075,2
1075,3
1078,0
1078,1
1078,3
1079,1
1079,2
1079,4
1079,5
1081,1
1081,3
1082,0
1082,2
1082,3
1083,1
1083,2
1084,0
1084,2
1084,3
1085,1
1085,2
1086,0
1086,2
1086,3
1088,1
1088,2
1088,4
1088,6
1089,0
1089,2
1089,3
1089,4
1089,1
1088,5
1088,3
1088,0
1086,1
1085,3
1085,0
1084,1
1083,3
1083,0
1082,1
1081,2
1081,0
1079,3
1079,0
1078,2
1075,4
1075,1
1073,2
1073,0
1071,2
1070,3
1070,1
1069,2
1068,4
1068,1
1067,4
1067,1
1066,2
1066,0
1065,1
1064,4
1064,2
1063,3
1063,0
1062,1
1061,3
1061,0
1060,1
1059,3
1059,0
1058,1
1057,2
1057,0
1056,5
1056,2
1056,0
1055,4
1055,1
1054,2
1054,0
1053,1
1052,3
1052,1
1051,3
1051,0
1050,1
1049,3
1049,0
1048,1
1047,3
1047,0
1046,1
1045,3
1045,0
1028,1
1027,2
1027,0
1026,1
1025,2
1025,0
1024,1
1023,2
1022,4
1022,2
1021,4
1021,1
1020,3
1020,0
1019,2
1018,3
1018,1
1017,5
1017,2
1017,0
1016,2
1015,3
1015,1
1014,2
1013,3
1013,0
1012,2
1011,3
1011,0
1010,3
1010,0
1009,1
1008,6
1008,4
1008,1
1007,3
1007,1
1006,3
1006,0
1005,1
1004,5
1004,2
1003,4
1003,2
1002,5
1002,2
1001,3
1001,1
1000,4
1000,1
999,5
999,2
998,4
998,2
997,3
997,0
996,4
996,2
995,3
995,0
994,2
993,4
993,1
992,4
992,2
991,4
991,1
990,5
990,2
989,3
989,0
988,2
987,3
987,0
986,4
986,1
985,5
985,3
985,0
984,4
984,1
983,6
983,3
983,0
982,3
982,0
981,1
980,2
980,0
979,2
978,3
978,1
977,2
976,3
976,0
975,2
974,5
974,2
974,0
973,6
973,3
973,1
972,5
972,2
971,8
971,6
971,3
971,0
970,2
969,4
969,1
968,3
968,1
967,3
967,0
966,12
966,9
966,6
966,3
966,1
965,2
964,3
964,1
963,5
963,2
962,4
962,2
961,3
961,0
960,3
960,0
959,2
959,0
958,4
958,1
957,2
957,0
956,2
955,3
955,1
954,3
954,0
953,1
952,3
952,0
951,1
950,3
950,0
949,2
948,4
948,2
947,3
947,0
946,2
945,3
945,0
944,2
943,5
943,2
942,5
942,3
942,0
941,4
941,2
940,4
940,1
939,4
939,2
938,3
938,0
937,2
936,3
936,0
935,1
934,4
934,1
933,3
933,1
932,3
932,0
931,6
931,4
931,1
930,2
930,0
929,9
929,6
929,4
929,1
928,2
927,4
927,2
926,5
926,2
926,0
925,2
924,16
924,13
924,11
924,8
924,5
924,3
924,0
923,1
922,3
922,1
921,2
920,5
920,3
920,0
919,1
918,3
918,0
917,1
916,4
916,2
915,4
915,1
914,3
914,0
913,1
912,3
912,1
911,4
911,1
910,4
910,1
909,5
909,2
909,0
908,3
908,0
907,7
907,4
907,1
906,4
906,2
905,6
905,3
905,1
904,2
903,4
903,2
902,4
902,1
901,2
901,0
900,1
899,3
899,1
898,2
897,3
897,0
896,2
895,5
895,2
895,0
894,3
894,0
893,2
893,0
892,1
891,6
891,4
891,1
890,2
890,0
889,2
888,3
888,0
887,2
886,4
886,1
885,6
885,3
885,0
884,3
884,1
883,2
882,3
882,1
880,4
880,1
879,3
879,1
878,5
878,2
878,0
877,3
877,0
876,5
876,2
875,4
875,1
874,17
874,14
874,11
874,9
874,6
874,3
874,0
873,5
873,2
872,4
872,2
871,4
871,1
870,2
870,0
869,1
868,3
868,1
867,2
866,3
866,0
865,3
865,0
864,2
864,0
863,3
863,0
862,3
862,0
861,2
860,3
860,1
859,3
859,0
858,2
857,6
857,3
857,0
856,6
856,3
856,0
855,2
854,3
854,0
853,1
852,4
852,1
851,4
851,2
850,9
850,6
850,4
850,1
849,2
848,4
848,2
847,5
847,2
847,0
846,3
846,0
845,7
845,5
845,2
844,4
844,2
843,3
843,0
842,2
842,0
841,2
840,3
840,1
839,4
839,1
838,3
838,1
837,2
836,3
836,1
835,6
835,3
835,1
834,2
833,6
833,3
833,1
832,2
831,3
831,1
830,5
830,2
829,14
829,12
829,9
829,6
829,4
829,1
828,3
828,0
827,2
826,4
826,1
825,3
825,0
824,2
824,0
823,2
822,4
822,1
821,3
821,0
820,1
819,5
819,2
818,4
818,1
817,5
817,2
816,9
816,7
816,4
816,1
815,2
815,0
814,1
813,2
813,0
812,1
811,2
0,271
0,266
0,260
0,63
1,45
3,44
2,44
1,44
3,43
2,43
1,43
3,42
2,42
1,42
3,41
2,41
1,41
3,40
2,40
1,40
3,39
2,39
1,39
3,38
2,38
1,38
3,37
2,37
1,37
3,36
2,36
1,36
3,35
2,35
1,35
3,34
2,34
1,34
3,33
2,33
1,33
3,32
2,32
1,32
3,31
2,31
1,31
3,30
2,30
1,30
3,29
2,29
1,29
3,28
2,28
1,28
3,27
2,27
1,27
3,26
2,26
1,26
3,25
2,25
1,25
3,24
2,24
1,24
3,23
2,23
1,23
3,22
2,22
1,22
3,21
2,21
1,21
3,20
2,20
1,20
3,19
2,19
1,19
3,18
2,18
1,18
3,17
2,17
1,17
3,16
2,16
1,16
3,15
2,15
1,15
3,14
2,14
1,14
3,13
2,13
1,13
3,12
2,12
1,12
3,11
2,11
1,11
3,10
2,10
1,10
3,9
2,9
1,9
3,8
2,8
1,8
3,7
2,7
1,7
3,6
2,6
1,6
3,5
2,5
1,5
3,4
2,4
1,4
3,3
3,0
2,3
2,0
1,3
1,0
0,6
0,0
0,47
0,46
0,49
0,48
0,45
0,257
0,12
0,60
0,10
0,268
0,8
0,256
0,11
0,5
0,7
0,4
0,3
