2352,3
2352,2
2352,1
2352,0
2351,5
2351,4
2351,3
2351,2
2351,1
2351,0
317,2
316,5
316,4
316,3
315,5
315,4
315,3
313,3
312,3
311,4
311,3
310,5
310,3
309,8
309,4
309,3
308,3
306,5
306,3
305,5
305,4
305,3
304,9
304,8
304,7
304,6
304,5
304,4
304,3
303,4
303,3
302,3
301,4
301,3
300,4
300,3
299,5
299,4
299,3
298,4
298,3
297,4
297,3
296,3
295,3
292,6
292,5
292,4
292,3
291,3
290,3
289,6
289,5
289,4
289,3
288,14
288,13
288,12
288,11
288,10
288,9
288,8
288,7
288,6
288,5
288,4
288,3
287,4
287,3
284,3
283,4
283,3
282,3
281,4
281,3
280,3
279,3
279,2
278,14
278,13
278,12
278,11
278,10
278,9
278,8
278,7
278,6
278,5
278,4
278,3
278,2
278,0
277,4
277,3
277,2
276,5
276,4
276,3
276,2
275,9
275,8
275,7
275,6
275,5
275,4
275,3
275,2
273,3
271,3
265,3
264,5
264,4
264,3
264,2
263,3
262,13
262,12
262,11
262,10
262,9
262,8
262,7
262,6
262,5
262,4
262,3
262,2
261,3
260,3
259,4
259,3
258,3
257,3
256,4
256,3
255,13
255,12
255,11
255,10
255,9
255,8
255,7
255,6
255,5
255,4
255,3
255,2
255,0
254,5
254,3
253,5
253,3
250,5
250,3
249,3
248,3
247,3
246,3
245,3
244,4
244,3
244,2
243,4
243,3
242,9
242,8
242,7
242,6
242,5
242,4
242,3
241,4
241,3
240,5
240,4
240,3
7,3
5,68
5,66
5,65
5,64
5,36
5,33
5,32
5,31
5,30
5,28
5,27
5,26
5,25
5,24
5,23
5,22
5,21
5,19
5,18
5,17
5,16
5,15
5,14
5,13
5,12
5,11
5,10
5,9
5,8
5,7
5,5
5,4
5,3
4,5
4,4
4,3
3,2
2,2
1,2
0,255
0,206
0,205
0,204
0,203
0,202
0,201
0,200
0,199
0,194
0,193
0,9
317,3
318,3
320,3
320,4
321,4
322,0
322,3
322,5
322,6
322,8
322,9
322,11
322,13
322,14
323,3
323,4
324,4
325,3
327,3
328,3
329,3
330,4
331,3
332,4
332,6
333,0
333,3
333,4
333,6
333,7
333,9
333,11
333,12
333,14
333,15
333,17
334,3
335,2
335,4
335,5
336,3
337,0
337,3
337,5
337,6
337,8
337,9
337,11
337,13
337,14
337,16
337,17
337,19
337,21
337,22
338,0
338,2
338,4
338,5
338,7
338,9
338,10
338,12
338,13
338,15
338,17
338,18
338,20
338,21
339,2
339,3
339,5
339,7
339,8
339,10
339,11
339,13
339,15
339,16
339,18
339,19
342,3
343,3
344,3
344,5
344,6
344,8
345,2
345,4
347,3
348,3
350,3
350,5
352,4
353,4
353,5
354,4
354,5
356,2
356,3
357,3
358,3
358,4
360,2
360,3
361,4
362,4
363,3
364,3
364,4
364,6
365,3
366,2
366,4
366,5
366,7
366,8
367,4
368,3
368,4
368,6
369,2
369,4
370,3
370,5
373,3
374,3
375,3
376,3
378,3
379,5
381,3
383,2
383,3
383,5
383,6
383,8
383,10
383,11
383,13
383,14
383,16
384,4
385,3
385,5
386,3
388,0
388,3
388,4
388,6
388,7
388,9
388,10
388,12
388,14
388,15
388,17
388,18
388,20
388,22
388,23
388,25
388,26
388,28
388,29
388,31
388,33
388,34
388,36
388,37
388,39
388,41
388,42
388,44
388,45
388,47
388,48
388,50
390,3
390,4
390,6
390,7
391,3
392,3
392,4
393,4
394,3
397,3
398,2
398,3
398,5
398,6
398,8
398,9
398,11
398,13
398,14
398,16
398,17
398,19
398,21
398,22
398,24
398,25
398,27
398,28
398,30
398,32
398,33
398,35
398,36
398,38
398,40
398,41
398,43
398,44
398,46
398,47
399,4
400,2
400,3
400,5
400,6
400,8
400,10
400,11
400,13
400,14
400,16
400,17
400,19
400,21
400,22
400,24
400,25
400,27
401,3
401,4
402,3
403,3
405,3
407,3
413,3
417,0
417,2
417,4
417,5
417,7
417,9
417,10
417,12
417,13
417,15
417,17
417,18
417,20
417,21
417,23
417,24
417,26
417,28
417,29
417,31
417,32
417,34
417,36
417,37
417,39
417,40
417,42
417,43
417,45
417,47
417,48
417,64
417,65
418,2
418,4
418,5
418,7
418,8
418,10
418,12
418,13
419,4
420,3
421,4
425,3
425,5
425,7
425,8
425,10
425,11
425,13
430,3
430,7
432,0
432,2
432,4
432,5
432,7
432,9
432,10
432,12
432,13
432,15
432,17
432,18
432,20
432,21
432,23
432,24
432,26
433,4
433,5
440,3
441,3
448,3
449,4
449,5
451,5
455,3
455,6
457,3
457,4
459,4
461,3
464,3
465,3
466,4
467,7
468,3
471,3
476,3
476,5
478,3
478,4
480,3
487,3
508,3
509,3
510,4
512,2
512,3
515,3
516,3
518,3
520,3
521,3
523,3
523,4
526,3
526,4
532,3
547,0
547,2
547,4
547,5
547,7
547,9
547,10
547,12
547,13
547,15
547,16
547,18
547,20
547,21
547,23
547,24
547,26
547,28
547,29
547,31
547,32
547,34
547,36
547,37
547,39
547,40
547,42
547,43
547,45
547,47
547,48
547,50
547,51
547,53
547,55
547,56
547,58
547,59
547,61
547,62
547,111
549,3
2334,0
2334,2
2334,3
2335,1
2335,3
2336,0
2336,2
2336,3
2337,1
2337,2
2338,0
2338,2
2338,3
2349,1
2349,2
2350,0
2350,2
2350,3
2350,5
243,6
267,3
437,3
484,3
514,3
426,3
285,3
475,3
387,3
525,3
482,3
544,3
286,3
270,3
542,3
486,3
469,3
505,3
314,3
395,3
411,3
274,3
416,3
434,3
252,3
428,3
5,35
349,3
272,3
351,3
445,3
540,3
436,3
473,3
528,3
454,3
410,3
504,3
474,3
424,3
408,3
341,3
268,3
462,3
429,3
5,34
463,3
443,3
414,3
452,3
466,3
435,3
506,3
458,3
245,4
248,4
251,4
252,4
254,4
265,8
267,4
285,4
294,4
306,4
316,6
318,4
331,4
334,4
530,4
343,4
548,4
350,4
371,4
379,4
381,4
480,4
402,4
407,4
415,4
402,5
450,4
452,4
458,5
467,4
469,4
463,4
458,4
438,4
408,4
481,4
475,4
375,4
511,4
534,4
336,4
527,4
310,4
298,5
282,4
263,4
253,4
250,4
447,3
293,3
431,3
460,3
444,3
442,3
5,29
266,3
423,3
483,3
527,3
450,3
472,3
453,3
380,3
251,3
269,3
529,3
438,3
415,3
409,3
307,3
541,3
422,3
481,3
524,3
534,3
485,3
294,3
545,3
371,3
446,3
243,5
412,3
2350,4
2350,1
2349,3
2349,0
2338,1
2337,3
2337,0
2336,1
2335,2
2335,0
2334,1
548,3
547,63
547,60
547,57
547,54
547,52
547,49
547,46
547,44
547,41
547,38
547,35
547,33
547,30
547,27
547,25
547,22
547,19
547,17
547,14
547,11
547,8
547,6
547,3
543,3
530,3
523,5
522,3
519,3
517,3
513,3
511,3
510,3
507,3
479,3
477,3
476,4
470,3
467,3
465,4
461,4
459,3
456,3
455,4
451,3
449,3
441,4
439,3
433,3
432,25
432,22
432,19
432,16
432,14
432,11
432,8
432,6
432,3
430,8
427,3
425,12
425,9
425,6
425,4
421,3
419,3
418,11
418,9
418,6
418,3
418,0
417,49
417,46
417,44
417,41
417,38
417,35
417,33
417,30
417,27
417,25
417,22
417,19
417,16
417,14
417,11
417,8
417,6
417,3
413,4
406,3
404,3
401,5
400,28
400,26
400,23
400,20
400,18
400,15
400,12
400,9
400,7
400,4
400,0
399,3
398,45
398,42
398,39
398,37
398,34
398,31
398,29
398,26
398,23
398,20
398,18
398,15
398,12
398,10
398,7
398,4
398,0
396,3
393,3
391,4
390,8
390,5
389,3
388,49
388,46
388,43
388,40
388,38
388,35
388,32
388,30
388,27
388,24
388,21
388,19
388,16
388,13
388,11
388,8
388,5
388,2
386,4
385,4
384,3
383,15
383,12
383,9
383,7
383,4
382,3
379,3
377,3
374,4
372,3
370,4
369,3
368,5
368,2
367,3
366,6
366,3
365,4
364,5
364,2
362,3
361,3
359,3
358,2
357,2
355,3
354,3
353,3
352,3
348,4
346,3
345,3
344,7
344,4
343,5
339,20
339,17
339,14
339,12
339,9
339,6
339,4
339,0
338,19
338,16
338,14
338,11
338,8
338,6
338,3
337,23
337,20
337,18
337,15
337,12
337,10
337,7
337,4
337,2
335,6
335,3
333,18
333,16
333,13
333,10
333,8
333,5
333,2
332,5
332,3
330,3
327,4
326,3
324,3
322,15
322,12
322,10
322,7
322,4
322,2
321,3
319,3
0,197
0,196
0,195
0,207
1,45
3,44
2,44
1,44
3,43
2,43
1,43
3,42
2,42
1,42
3,41
2,41
1,41
3,40
2,40
1,40
3,39
2,39
1,39
3,38
2,38
1,38
3,37
2,37
1,37
3,36
2,36
1,36
3,35
2,35
1,35
3,34
2,34
1,34
3,33
2,33
1,33
3,32
2,32
1,32
3,31
2,31
1,31
3,30
2,30
1,30
3,29
2,29
1,29
3,28
2,28
1,28
3,27
2,27
1,27
3,26
2,26
1,26
3,25
2,25
1,25
3,24
2,24
1,24
3,23
2,23
1,23
3,22
2,22
1,22
3,21
2,21
1,21
3,20
2,20
1,20
3,19
2,19
1,19
3,18
2,18
1,18
3,17
2,17
1,17
3,16
2,16
1,16
3,15
2,15
1,15
3,14
2,14
1,14
3,13
2,13
1,13
3,12
2,12
1,12
3,11
2,11
1,11
3,10
2,10
1,10
3,9
2,9
1,9
3,8
2,8
1,8
3,7
2,7
1,7
3,6
2,6
1,6
3,5
2,5
1,5
3,4
2,4
1,4
3,3
3,0
2,3
2,0
1,3
1,0
0,6
0,0
0,47
0,46
0,49
0,48
0,45
0,61
0,12
0,254
0,10
0,198
0,8
0,192
0,11
0,5
0,7
0,4
0,3
